quota,policy,mode,total_risk,risk_sd,risk_all_cheap,risk_all_full,risk_oracle,risk_reduction,eta,frac_of_full_gain,n_selected,std_err_total,seq
0.2,random,pooled,45.36315848394845,0.9072266592666904,46.19290028682937,41.09931959660605,37.20579697120785,0.8297418028809176,0.09232583333482414,0.16289951084382231,31,190.5,0000
0.2,unc_x_crit_obj,pooled,45.029826527463115,0.0,46.19290028682937,41.09931959660605,37.20579697120785,1.163073759366256,0.12941586610499778,0.22834108853888851,31,183.0,0000
0.2,M3_fail_x_crit,pooled,44.04260312885454,0.0,46.19290028682937,41.09931959660605,37.20579697120785,2.1502971579748333,0.23926476445832714,0.4221582593365292,31,180.0,0000
0.2,M4_gain_x_crit,pooled,43.492417370024725,0.0,46.19290028682937,41.09931959660605,37.20579697120785,2.7004829168046456,0.30048424080210867,0.5301737777489194,31,179.0,0000
0.2,M5_fail_x_recover_x_crit,pooled,44.35339475860489,0.0,46.19290028682937,41.09931959660605,37.20579697120785,1.8395055282244783,0.20468280641961936,0.36114192355001806,31,182.0,0000
0.2,recover_only,pooled,45.50712921987438,0.0,46.19290028682937,41.09931959660605,37.20579697120785,0.6857710669549917,0.07630612922441585,0.13463437779070997,31,184.0,0000
0.2,M5_gain_direct_x_crit,pooled,43.492417370024725,0.0,46.19290028682937,41.09931959660605,37.20579697120785,2.7004829168046456,0.30048424080210867,0.5301737777489194,31,179.0,0000
0.2,M0_uncertainty,pooled,45.18341699719177,0.0,46.19290028682937,41.09931959660605,37.20579697120785,1.0094832896376005,0.11232576884733277,0.19818735601366144,31,185.0,0000
0.2,M1_criticality,pooled,45.54419735739302,0.0,46.19290028682937,41.09931959660605,37.20579697120785,0.6487029294363538,0.07218153688171901,0.1273569555266852,31,184.0,0000
0.2,M2_monolithic,pooled,45.2306243518239,0.0,46.19290028682937,41.09931959660605,37.20579697120785,0.9622759350054721,0.1070729801595615,0.18891934643392932,31,184.0,0000
0.2,unc_x_crit_frame,pooled,44.00008004967228,0.0,46.19290028682937,41.09931959660605,37.20579697120785,2.1928202371570933,0.24399633120334782,0.43050662599024275,31,185.0,0000
0.2,oracle,pooled,37.20579697120785,0.0,46.19290028682937,41.09931959660605,37.20579697120785,8.987103315621518,1.0,1.7643979475718274,31,161.0,0000
0.2,random,pooled,95.16400217229918,1.5834246973191102,109.93449520773193,38.865287520298715,64.35546316472511,14.77049303543275,0.3240633329267681,0.2078325271388179,89,1032.75,0001
0.2,unc_x_crit_obj,pooled,86.10496329797593,0.0,109.93449520773193,38.865287520298715,64.35546316472511,23.829531909756,0.5228178581605522,0.3353003738913167,89,980.0,0001
0.2,M3_fail_x_crit,pooled,82.17288061539882,0.0,109.93449520773193,38.865287520298715,64.35546316472511,27.761614592333103,0.6090874103280252,0.3906278892882893,89,956.0,0001
0.2,M4_gain_x_crit,pooled,81.50171159826684,0.0,109.93449520773193,38.865287520298715,64.35546316472511,28.43278360946509,0.6238128002068338,0.40007176855712584,89,953.0,0001
0.2,M5_fail_x_recover_x_crit,pooled,82.32027597633072,0.0,109.93449520773193,38.865287520298715,64.35546316472511,27.614219231401208,0.6058535689249691,0.388553919903684,89,955.0,0001
0.2,recover_only,pooled,89.86866487178355,0.0,109.93449520773193,38.865287520298715,64.35546316472511,20.065830335948377,0.4402425728790147,0.2823421139602279,89,931.0,0001
0.2,M5_gain_direct_x_crit,pooled,81.50171159826684,0.0,109.93449520773193,38.865287520298715,64.35546316472511,28.43278360946509,0.6238128002068338,0.40007176855712584,89,953.0,0001
0.2,M0_uncertainty,pooled,92.55933943520645,0.0,109.93449520773193,38.865287520298715,64.35546316472511,17.375155772525474,0.3812094069073444,0.24448219331419152,89,976.0,0001
0.2,M1_criticality,pooled,83.58562051982165,0.0,109.93449520773193,38.865287520298715,64.35546316472511,26.348874687910282,0.5780920196604523,0.37074952071780887,89,979.0,0001
0.2,M2_monolithic,pooled,87.27532369361819,0.0,109.93449520773193,38.865287520298715,64.35546316472511,22.659171514113737,0.49714025284111596,0.31883247684102767,89,970.0,0001
0.2,unc_x_crit_frame,pooled,92.23930373232218,0.0,109.93449520773193,38.865287520298715,64.35546316472511,17.695191475409743,0.3882309624020353,0.24898534894654084,89,1032.0,0001
0.2,oracle,pooled,64.35546316472511,0.0,109.93449520773193,38.865287520298715,64.35546316472511,45.57903204300682,1.0,0.6413330544427374,89,914.0,0001
0.2,random,pooled,26.502331659252512,0.5984691326278793,28.76779149445572,16.211888985150242,17.344254058172126,2.2654598352032096,0.19831508828496724,0.18042986822526083,47,983.875,0002
0.2,unc_x_crit_obj,pooled,23.55520576323827,0.0,28.76779149445572,16.211888985150242,17.344254058172126,5.212585731217452,0.45630224090316945,0.41515022335943436,47,925.0,0002
0.2,M3_fail_x_crit,pooled,22.37696186461763,0.0,28.76779149445572,16.211888985150242,17.344254058172126,6.390829629838091,0.5594440133350858,0.5089900646410479,47,915.0,0002
0.2,M4_gain_x_crit,pooled,22.220213913153305,0.0,28.76779149445572,16.211888985150242,17.344254058172126,6.547577581302416,0.5731655030521379,0.5214740697811129,47,911.0,0002
0.2,M5_fail_x_recover_x_crit,pooled,22.33287635931119,0.0,28.76779149445572,16.211888985150242,17.344254058172126,6.434915135144532,0.5633031949198036,0.5125012025519841,47,911.0,0002
0.2,recover_only,pooled,20.692431053423796,0.0,28.76779149445572,16.211888985150242,17.344254058172126,8.075360441031926,0.7069054122747351,0.643152528067742,47,879.0,0002
0.2,M5_gain_direct_x_crit,pooled,22.220213913153305,0.0,28.76779149445572,16.211888985150242,17.344254058172126,6.547577581302416,0.5731655030521379,0.5214740697811129,47,911.0,0002
0.2,M0_uncertainty,pooled,22.24802879868426,0.0,28.76779149445572,16.211888985150242,17.344254058172126,6.519762695771462,0.5707306280682639,0.5192587861318221,47,928.0,0002
0.2,M1_criticality,pooled,20.31339284476879,0.0,28.76779149445572,16.211888985150242,17.344254058172126,8.454398649686933,0.7400858706720702,0.6733405777419167,47,900.0,0002
0.2,M2_monolithic,pooled,22.053417967418028,0.0,28.76779149445572,16.211888985150242,17.344254058172126,6.714373527037694,0.5877665797033595,0.5347583355367335,47,912.0,0002
0.2,unc_x_crit_frame,pooled,25.871016509098524,0.0,28.76779149445572,16.211888985150242,17.344254058172126,2.8967749853571974,0.2535795064807527,0.23071021642692177,47,949.0,0002
0.2,oracle,pooled,17.344254058172126,0.0,28.76779149445572,16.211888985150242,17.344254058172126,11.423537436283596,1.0,0.9098141235022603,47,886.0,0002
0.2,random,pooled,6.194354855375327,0.48408082640505473,7.661401425484204,1.6560995690023135,2.6672907842799036,1.4670465701088773,0.2937553201174389,0.24429189492371708,29,163.375,0003
0.2,unc_x_crit_obj,pooled,5.9382298395691056,0.0,7.661401425484204,1.6560995690023135,2.6672907842799036,1.7231715859150984,0.3450407309157183,0.28694171035801863,29,165.0,0003
0.2,M3_fail_x_crit,pooled,4.712418757305637,0.0,7.661401425484204,1.6560995690023135,2.6672907842799036,2.9489826681785667,0.590492057554303,0.49106318693964546,29,154.0,0003
0.2,M4_gain_x_crit,pooled,4.712418757305637,0.0,7.661401425484204,1.6560995690023135,2.6672907842799036,2.9489826681785667,0.590492057554303,0.49106318693964546,29,155.0,0003
0.2,M5_fail_x_recover_x_crit,pooled,4.712418757305637,0.0,7.661401425484204,1.6560995690023135,2.6672907842799036,2.9489826681785667,0.590492057554303,0.49106318693964546,29,155.0,0003
0.2,recover_only,pooled,5.241574615719879,0.0,7.661401425484204,1.6560995690023135,2.6672907842799036,2.4198268097643254,0.48453608332169396,0.4029484058578101,29,155.0,0003
0.2,M5_gain_direct_x_crit,pooled,4.712418757305637,0.0,7.661401425484204,1.6560995690023135,2.6672907842799036,2.9489826681785667,0.590492057554303,0.49106318693964546,29,155.0,0003
0.2,M0_uncertainty,pooled,5.924342825098028,0.0,7.661401425484204,1.6560995690023135,2.6672907842799036,1.7370586003861757,0.34782140909222914,0.2892541693822204,29,156.0,0003
0.2,M1_criticality,pooled,4.645287628404658,0.0,7.661401425484204,1.6560995690023135,2.6672907842799036,3.016113797079546,0.6039341163559461,0.5022418304958425,29,157.0,0003
0.2,M2_monolithic,pooled,4.821974517712437,0.0,7.661401425484204,1.6560995690023135,2.6672907842799036,2.8394269077717667,0.5685550665107122,0.47282001398597456,29,156.0,0003
0.2,unc_x_crit_frame,pooled,7.661401425484204,0.0,7.661401425484204,1.6560995690023135,2.6672907842799036,0.0,0.0,0.0,29,182.0,0003
0.2,oracle,pooled,2.6672907842799036,0.0,7.661401425484204,1.6560995690023135,2.6672907842799036,4.9941106412043,1.0,0.8316169212732996,29,120.0,0003
0.2,random,pooled,44.761298667651545,1.013916904944745,52.68098103747187,16.404420017637847,28.319676451064066,7.919682369820322,0.32509270354261105,0.21831403383276263,63,541.0,0004
0.2,unc_x_crit_obj,pooled,39.53347748871634,0.0,52.68098103747187,16.404420017637847,28.319676451064066,13.147503548755523,0.5396879917543935,0.36242419841194967,63,552.0,0004
0.2,M3_fail_x_crit,pooled,37.72852691823672,0.0,52.68098103747187,16.404420017637847,28.319676451064066,14.95245411923515,0.6137788748627918,0.41217948170610696,63,529.0,0004
0.2,M4_gain_x_crit,pooled,39.69792140598942,0.0,52.68098103747187,16.404420017637847,28.319676451064066,12.983059631482448,0.5329377819415404,0.35789113594268285,63,534.0,0004
0.2,M5_fail_x_recover_x_crit,pooled,39.675596444896996,0.0,52.68098103747187,16.404420017637847,28.319676451064066,13.00538459257487,0.533854192678627,0.3585065460164276,63,534.0,0004
0.2,recover_only,pooled,45.68495231966335,0.0,52.68098103747187,16.404420017637847,28.319676451064066,6.996028717808514,0.28717791746308585,0.19285258914105644,63,520.0,0004
0.2,M5_gain_direct_x_crit,pooled,39.69792140598942,0.0,52.68098103747187,16.404420017637847,28.319676451064066,12.983059631482448,0.5329377819415404,0.35789113594268285,63,534.0,0004
0.2,M0_uncertainty,pooled,43.72401202659398,0.0,52.68098103747187,16.404420017637847,28.319676451064066,8.956969010877884,0.36767197664263657,0.24690788649951434,63,525.0,0004
0.2,M1_criticality,pooled,38.6975594726964,0.0,52.68098103747187,16.404420017637847,28.319676451064066,13.983421564775469,0.5740013436134865,0.3854671217905718,63,531.0,0004
0.2,M2_monolithic,pooled,36.268354713636654,0.0,52.68098103747187,16.404420017637847,28.319676451064066,16.412626323835212,0.6737170526159961,0.45243060153529147,63,520.0,0004
0.2,unc_x_crit_frame,pooled,41.625146435013605,0.0,52.68098103747187,16.404420017637847,28.319676451064066,11.055834602458262,0.45382769068232814,0.30476523384930404,63,568.0,0004
0.2,oracle,pooled,28.319676451064066,0.0,52.68098103747187,16.404420017637847,28.319676451064066,24.3613045864078,1.0,0.6715439364025819,63,497.0,0004
0.2,random,pooled,36.14060461716965,0.9447008036785542,42.931159893407624,10.321487064586664,23.85687108518662,6.790555276237974,0.3560056862152181,0.20823745493810566,59,786.5,0005
0.2,unc_x_crit_obj,pooled,32.492124042182574,0.0,42.931159893407624,10.321487064586664,23.85687108518662,10.43903585122505,0.547283096957504,0.3201208397895627,59,783.0,0005
0.2,M3_fail_x_crit,pooled,29.92265094659908,0.0,42.931159893407624,10.321487064586664,23.85687108518662,13.008508946808544,0.6819918203818894,0.398915653496266,59,775.0,0005
0.2,M4_gain_x_crit,pooled,29.820899296966566,0.0,42.931159893407624,10.321487064586664,23.85687108518662,13.110260596441059,0.6873263128316766,0.40203594391336533,59,773.0,0005
0.2,M5_fail_x_recover_x_crit,pooled,30.01779146635589,0.0,42.931159893407624,10.321487064586664,23.85687108518662,12.913368427051733,0.6770039269556452,0.39599809832003857,59,775.0,0005
0.2,recover_only,pooled,31.653796758332135,0.0,42.931159893407624,10.321487064586664,23.85687108518662,11.27736313507549,0.591233741318573,0.3458287727777622,59,745.0,0005
0.2,M5_gain_direct_x_crit,pooled,29.820899296966566,0.0,42.931159893407624,10.321487064586664,23.85687108518662,13.110260596441059,0.6873263128316766,0.40203594391336533,59,773.0,0005
0.2,M0_uncertainty,pooled,32.83868341742601,0.0,42.931159893407624,10.321487064586664,23.85687108518662,10.092476475981613,0.5291141692072819,0.30949333742047597,59,760.0,0005
0.2,M1_criticality,pooled,29.44690472640619,0.0,42.931159893407624,10.321487064586664,23.85687108518662,13.484255167001436,0.7069335744350128,0.4135047670605217,59,765.0,0005
0.2,M2_monolithic,pooled,29.698960959434586,0.0,42.931159893407624,10.321487064586664,23.85687108518662,13.232198933973038,0.693719124577267,0.405775274208768,59,769.0,0005
0.2,unc_x_crit_frame,pooled,35.67767208103028,0.0,42.931159893407624,10.321487064586664,23.85687108518662,7.253487812377344,0.3802756624535902,0.222433627299891,59,804.0,0005
0.2,oracle,pooled,23.85687108518662,0.0,42.931159893407624,10.321487064586664,23.85687108518662,19.074288808221006,1.0,0.5849273284141274,59,766.0,0005
0.2,random,pooled,4.720438956839322,0.1524427741670449,5.504660870745255,1.7565804424840485,2.0549572179661655,0.7842219139059328,0.2273302268367782,0.20923294708212697,54,369.125,0006
0.2,unc_x_crit_obj,pooled,3.850702695531054,0.0,5.504660870745255,1.7565804424840485,2.0549572179661655,1.6539581752142007,0.47944935034688213,0.44128139907112346,54,368.0,0006
0.2,M3_fail_x_crit,pooled,3.5058489659859404,0.0,5.504660870745255,1.7565804424840485,2.0549572179661655,1.9988119047593145,0.579415539983867,0.5332894912520847,54,359.0,0006
0.2,M4_gain_x_crit,pooled,3.728839924590254,0.0,5.504660870745255,1.7565804424840485,2.0549572179661655,1.775820946155001,0.5147749270359485,0.4737947811271575,54,359.0,0006
0.2,M5_fail_x_recover_x_crit,pooled,3.784613752146745,0.0,5.504660870745255,1.7565804424840485,2.0549572179661655,1.7200471185985098,0.4986072114376653,0.4589141432582509,54,360.0,0006
0.2,recover_only,pooled,4.238107081161137,0.0,5.504660870745255,1.7565804424840485,2.0549572179661655,1.2665537895841181,0.36714857769413883,0.3379206540057339,54,339.0,0006
0.2,M5_gain_direct_x_crit,pooled,3.728839924590254,0.0,5.504660870745255,1.7565804424840485,2.0549572179661655,1.775820946155001,0.5147749270359485,0.4737947811271575,54,359.0,0006
0.2,M0_uncertainty,pooled,4.878355921237084,0.0,5.504660870745255,1.7565804424840485,2.0549572179661655,0.626304949508171,0.18155326153990595,0.16710018941581883,54,351.0,0006
0.2,M1_criticality,pooled,3.698040745046926,0.0,5.504660870745255,1.7565804424840485,2.0549572179661655,1.8066201256983287,0.5237029923549843,0.48201210200189015,54,363.0,0006
0.2,M2_monolithic,pooled,3.8859151721998835,0.0,5.504660870745255,1.7565804424840485,2.0549572179661655,1.6187456985453714,0.4692419585784727,0.4318865962266272,54,356.0,0006
0.2,unc_x_crit_frame,pooled,4.127693407024998,0.0,5.504660870745255,1.7565804424840485,2.0549572179661655,1.3769674637202565,0.39915529051632254,0.36737937994544406,54,372.0,0006
0.2,oracle,pooled,2.0549572179661655,0.0,5.504660870745255,1.7565804424840485,2.0549572179661655,3.4497036527790894,1.0,0.9203921097230726,54,334.0,0006
0.2,random,pooled,159.86531014565443,3.4900086127248637,183.5787304044781,62.36429678602437,86.1603169213574,23.713420258823675,0.2434182554505715,0.1956319849950075,160,743.875,0007
0.2,unc_x_crit_obj,pooled,123.23558583320984,0.0,183.5787304044781,62.36429678602437,86.1603169213574,60.34314457126827,0.619422370101764,0.49782144559789127,160,628.0,0007
0.2,M3_fail_x_crit,pooled,127.19652198457665,0.0,183.5787304044781,62.36429678602437,86.1603169213574,56.38220841990146,0.5787633610936456,0.4651443457416593,160,640.0,0007
0.2,M4_gain_x_crit,pooled,129.01065438265388,0.0,183.5787304044781,62.36429678602437,86.1603169213574,54.568076021824226,0.5601412922956194,0.4501780389750281,160,648.0,0007
0.2,M5_fail_x_recover_x_crit,pooled,126.7053246150246,0.0,183.5787304044781,62.36429678602437,86.1603169213574,56.873405789453514,0.5838055020194692,0.46919664673329037,160,639.0,0007
0.2,recover_only,pooled,134.21893197244893,0.0,183.5787304044781,62.36429678602437,86.1603169213574,49.35979843202918,0.5066783236064664,0.407210568564787,160,641.0,0007
0.2,M5_gain_direct_x_crit,pooled,129.01065438265388,0.0,183.5787304044781,62.36429678602437,86.1603169213574,54.568076021824226,0.5601412922956194,0.4501780389750281,160,648.0,0007
0.2,M0_uncertainty,pooled,141.74038702342676,0.0,183.5787304044781,62.36429678602437,86.1603169213574,41.838343381051345,0.4294705886202972,0.34515974815957773,160,682.0,0007
0.2,M1_criticality,pooled,126.04725240550042,0.0,183.5787304044781,62.36429678602437,86.1603169213574,57.53147799897769,0.5905606131529327,0.4746256388910691,160,632.0,0007
0.2,M2_monolithic,pooled,136.36967787506157,0.0,183.5787304044781,62.36429678602437,86.1603169213574,47.20905252941654,0.48460091723415577,0.3894672533637068,160,682.0,0007
0.2,unc_x_crit_frame,pooled,139.09016008348044,0.0,183.5787304044781,62.36429678602437,86.1603169213574,44.48857032099767,0.4566751677669851,0.3670237033077611,160,679.0,0007
0.2,oracle,pooled,86.1603169213574,0.0,183.5787304044781,62.36429678602437,86.1603169213574,97.4184134831207,1.0,0.8036865790237845,160,540.0,0007
0.2,random,pooled,18.482882478001457,0.23163288943646568,20.665074408795334,9.374082796939819,13.966331994652077,2.182191930793877,0.32576143339778957,0.1932684042119543,78,713.375,0008
0.2,unc_x_crit_obj,pooled,16.98459961057182,0.0,20.665074408795334,9.374082796939819,13.966331994652077,3.680474798223514,0.5494277239938076,0.32596559494021976,78,705.0,0008
0.2,M3_fail_x_crit,pooled,16.295338372299817,0.0,20.665074408795334,9.374082796939819,13.966331994652077,4.369736036495517,0.6523218488398004,0.3870108301123264,78,698.0,0008
0.2,M4_gain_x_crit,pooled,16.408386098459665,0.0,20.665074408795334,9.374082796939819,13.966331994652077,4.256688310335669,0.6354458862828333,0.37699862480334817,78,699.0,0008
0.2,M5_fail_x_recover_x_crit,pooled,16.32079543953199,0.0,20.665074408795334,9.374082796939819,13.966331994652077,4.344278969263343,0.6485215732569646,0.3847561949033652,78,698.0,0008
0.2,recover_only,pooled,16.15402164292161,0.0,20.665074408795334,9.374082796939819,13.966331994652077,4.511052765873725,0.6734178577085458,0.3995267130600938,78,689.0,0008
0.2,M5_gain_direct_x_crit,pooled,16.408386098459665,0.0,20.665074408795334,9.374082796939819,13.966331994652077,4.256688310335669,0.6354458862828333,0.37699862480334817,78,699.0,0008
0.2,M0_uncertainty,pooled,17.144211452393783,0.0,20.665074408795334,9.374082796939819,13.966331994652077,3.520862956401551,0.525600588696745,0.311829383763305,78,701.0,0008
0.2,M1_criticality,pooled,16.533472595104172,0.0,20.665074408795334,9.374082796939819,13.966331994652077,4.131601813691162,0.6167727549827839,0.36592019157582134,78,687.0,0008
0.2,M2_monolithic,pooled,16.330268270626394,0.0,20.665074408795334,9.374082796939819,13.966331994652077,4.33480613816894,0.6471074524401375,0.3839172224357516,78,696.0,0008
0.2,unc_x_crit_frame,pooled,18.2460552193926,0.0,20.665074408795334,9.374082796939819,13.966331994652077,2.4190191894027357,0.3611154213506385,0.21424328992174355,78,728.0,0008
0.2,oracle,pooled,13.966331994652077,0.0,20.665074408795334,9.374082796939819,13.966331994652077,6.698742414143258,1.0,0.5932820291097899,78,673.0,0008
0.2,random,pooled,148.89069926833486,2.195034316096748,165.067184765761,91.64533187989261,91.88893066165073,16.176485497426143,0.22105590923789945,0.22032249067007206,161,1845.75,0009
0.2,unc_x_crit_obj,pooled,126.04898422998457,0.0,165.067184765761,91.64533187989261,91.88893066165073,39.01820053577643,0.5331939250732256,0.5314248960241961,161,1678.0,0009
0.2,M3_fail_x_crit,pooled,117.18232057405771,0.0,165.067184765761,91.64533187989261,91.88893066165073,47.88486419170329,0.6543592051755945,0.6521881743591866,161,1653.0,0009
0.2,M4_gain_x_crit,pooled,116.16399510068152,0.0,165.067184765761,91.64533187989261,91.88893066165073,48.90318966507948,0.6682748893613286,0.6660576891337476,161,1645.0,0009
0.2,M5_fail_x_recover_x_crit,pooled,117.34170236184917,0.0,165.067184765761,91.64533187989261,91.88893066165073,47.725482403911826,0.6521812113201425,0.6500174066445771,161,1651.0,0009
0.2,recover_only,pooled,124.05397071910508,0.0,165.067184765761,91.64533187989261,91.88893066165073,41.01321404665592,0.5604563069830371,0.5585968268930706,161,1624.0,0009
0.2,M5_gain_direct_x_crit,pooled,116.16399510068152,0.0,165.067184765761,91.64533187989261,91.88893066165073,48.90318966507948,0.6682748893613286,0.6660576891337476,161,1645.0,0009
0.2,M0_uncertainty,pooled,126.69361349998687,0.0,165.067184765761,91.64533187989261,91.88893066165073,38.37357126577413,0.5243848973382212,0.5226450948524066,161,1666.0,0009
0.2,M1_criticality,pooled,122.3662012445769,0.0,165.067184765761,91.64533187989261,91.88893066165073,42.7009835211841,0.583520118701297,0.5815841175727509,161,1708.0,0009
0.2,M2_monolithic,pooled,119.73987033733272,0.0,165.067184765761,91.64533187989261,91.88893066165073,45.32731442842828,0.6194096181078792,0.6173545429163705,161,1664.0,0009
0.2,unc_x_crit_frame,pooled,126.15183907479349,0.0,165.067184765761,91.64533187989261,91.88893066165073,38.91534569096751,0.531788386692075,0.5300240209336586,161,1698.0,0009
0.2,oracle,pooled,91.88893066165073,0.0,165.067184765761,91.64533187989261,91.88893066165073,73.17825410411027,1.0,0.9966822032925703,161,1612.0,0009
0.2,random,pooled,42.823524151922754,1.24273074491798,51.015375966827534,6.844942066356978,27.005059454628288,8.19185181490478,0.3411805009210368,0.1854600711725748,59,536.75,0010
0.2,unc_x_crit_obj,pooled,43.34911443436684,0.0,51.015375966827534,6.844942066356978,27.005059454628288,7.666261532460695,0.3192903154177744,0.17356092878179818,59,519.0,0010
0.2,M3_fail_x_crit,pooled,36.35419899736439,0.0,51.015375966827534,6.844942066356978,27.005059454628288,14.661176969463142,0.6106198959107448,0.3319228650209604,59,508.0,0010
0.2,M4_gain_x_crit,pooled,36.63809921216463,0.0,51.015375966827534,6.844942066356978,27.005059454628288,14.377276754662901,0.5987958029357108,0.3254954838582588,59,509.0,0010
0.2,M5_fail_x_recover_x_crit,pooled,35.682888602519824,0.0,51.015375966827534,6.844942066356978,27.005059454628288,15.33248736430771,0.638579143949124,0.3471210493167551,59,507.0,0010
0.2,recover_only,pooled,36.32945687699157,0.0,51.015375966827534,6.844942066356978,27.005059454628288,14.685919089835963,0.6116503746368478,0.332483016194222,59,499.0,0010
0.2,M5_gain_direct_x_crit,pooled,36.63809921216463,0.0,51.015375966827534,6.844942066356978,27.005059454628288,14.377276754662901,0.5987958029357108,0.3254954838582588,59,509.0,0010
0.2,M0_uncertainty,pooled,36.874355526525335,0.0,51.015375966827534,6.844942066356978,27.005059454628288,14.1410204403022,0.5889560195142526,0.3201467405134898,59,510.0,0010
0.2,M1_criticality,pooled,35.734988086764034,0.0,51.015375966827534,6.844942066356978,27.005059454628288,15.2803878800635,0.6364092648382951,0.34594153896008517,59,503.0,0010
0.2,M2_monolithic,pooled,38.22121024217337,0.0,51.015375966827534,6.844942066356978,27.005059454628288,12.794165724654164,0.5328611856554935,0.2896545176233341,59,506.0,0010
0.2,unc_x_crit_frame,pooled,49.078152466353856,0.0,51.015375966827534,6.844942066356978,27.005059454628288,1.937223500473678,0.08068296390384552,0.04385792326239839,59,566.0,0010
0.2,oracle,pooled,27.005059454628288,0.0,51.015375966827534,6.844942066356978,27.005059454628288,24.010316512199246,1.0,0.5435834424063346,59,485.0,0010
0.2,random,pooled,118.55974275336581,1.8416100805896645,132.38902413238102,73.90304589991577,86.2742594690415,13.829281379015214,0.2998883650383076,0.23645464771141766,75,1964.125,0011
0.2,unc_x_crit_obj,pooled,110.83956144586337,0.0,132.38902413238102,73.90304589991577,86.2742594690415,21.549462686517657,0.4673007190612234,0.36845519794273807,75,1934.0,0011
0.2,M3_fail_x_crit,pooled,113.99980144603363,0.0,132.38902413238102,73.90304589991577,86.2742594690415,18.389222686347395,0.39877082363095134,0.3144210500037364,75,1940.0,0011
0.2,M4_gain_x_crit,pooled,114.75211031098408,0.0,132.38902413238102,73.90304589991577,86.2742594690415,17.636913821396945,0.38245698422522795,0.30155798627997965,75,1952.0,0011
0.2,M5_fail_x_recover_x_crit,pooled,114.43671736059932,0.0,132.38902413238102,73.90304589991577,86.2742594690415,17.952306771781707,0.38929628943880296,0.30695061131449924,75,1947.0,0011
0.2,recover_only,pooled,123.37540346164921,0.0,132.38902413238102,73.90304589991577,86.2742594690415,9.013620670731811,0.19546062387037377,0.15411592561391746,75,1943.0,0011
0.2,M5_gain_direct_x_crit,pooled,114.75211031098408,0.0,132.38902413238102,73.90304589991577,86.2742594690415,17.636913821396945,0.38245698422522795,0.30155798627997965,75,1952.0,0011
0.2,M0_uncertainty,pooled,123.3494117283352,0.0,132.38902413238102,73.90304589991577,86.2742594690415,9.039612404045826,0.19602425535594606,0.15456033526729976,75,1963.0,0011
0.2,M1_criticality,pooled,117.06268067990058,0.0,132.38902413238102,73.90304589991577,86.2742594690415,15.326343452480444,0.3323521992223161,0.2620515876739302,75,1953.0,0011
0.2,M2_monolithic,pooled,117.44060300428708,0.0,132.38902413238102,73.90304589991577,86.2742594690415,14.94842112809394,0.32415694273243656,0.25558982819229226,75,1948.0,0011
0.2,unc_x_crit_frame,pooled,114.7826264526463,0.0,132.38902413238102,73.90304589991577,86.2742594690415,17.606397679734727,0.3817952408143052,0.3010362177709376,75,1957.0,0011
0.2,oracle,pooled,86.2742594690415,0.0,132.38902413238102,73.90304589991577,86.2742594690415,46.11476466333953,1.0,0.7884755638359395,75,1859.0,0011
0.2,random,pooled,4.656166111641827,0.20339718691350514,4.954281576839456,2.6233040635980394,3.4045905422731564,0.298115465197629,0.1923709039725201,0.12789289622235558,16,189.5,0012
0.2,unc_x_crit_obj,pooled,3.67542449655135,0.0,4.954281576839456,2.6233040635980394,3.4045905422731564,1.2788570802881063,0.8252335799606728,0.5486355286670054,16,203.0,0012
0.2,M3_fail_x_crit,pooled,3.793480040372681,0.0,4.954281576839456,2.6233040635980394,3.4045905422731564,1.1608015364667752,0.7490535278160397,0.4979891611449245,16,205.0,0012
0.2,M4_gain_x_crit,pooled,3.7576504212850597,0.0,4.954281576839456,2.6233040635980394,3.4045905422731564,1.1966311555543965,0.772174019764713,0.5133602313865233,16,203.0,0012
0.2,M5_fail_x_recover_x_crit,pooled,3.752362198261026,0.0,4.954281576839456,2.6233040635980394,3.4045905422731564,1.2019193785784301,0.7755864567641395,0.5156289032179731,16,202.0,0012
0.2,recover_only,pooled,4.393717388540507,0.0,4.954281576839456,2.6233040635980394,3.4045905422731564,0.5605641882989492,0.36172641887666984,0.24048459717633155,16,186.0,0012
0.2,M5_gain_direct_x_crit,pooled,3.7576504212850597,0.0,4.954281576839456,2.6233040635980394,3.4045905422731564,1.1966311555543965,0.772174019764713,0.5133602313865233,16,203.0,0012
0.2,M0_uncertainty,pooled,4.322285727410307,0.0,4.954281576839456,2.6233040635980394,3.4045905422731564,0.6319958494291491,0.40782054960137326,0.2711291060677401,16,190.0,0012
0.2,M1_criticality,pooled,3.8384242051244852,0.0,4.954281576839456,2.6233040635980394,3.4045905422731564,1.115857371714971,0.7200515114467687,0.47870790918239237,16,204.0,0012
0.2,M2_monolithic,pooled,3.9560920471382355,0.0,4.954281576839456,2.6233040635980394,3.4045905422731564,0.9981895297012207,0.6441216393696028,0.42822786750660485,16,203.0,0012
0.2,unc_x_crit_frame,pooled,4.105727130885809,0.0,4.954281576839456,2.6233040635980394,3.4045905422731564,0.8485544459536474,0.5475636285081341,0.36403373311553844,16,205.0,0012
0.2,oracle,pooled,3.4045905422731564,0.0,4.954281576839456,2.6233040635980394,3.4045905422731564,1.5496910345662998,1.0,0.6648245320956899,16,183.0,0012
0.2,random,pooled,102.89749658001617,2.6226190919616013,116.6170731349095,47.193958222820626,64.29119081198967,13.719576554893337,0.26219484403961735,0.19762260123687278,68,782.25,0013
0.2,unc_x_crit_obj,pooled,93.47307209771643,0.0,116.6170731349095,47.193958222820626,64.29119081198967,23.144001037193078,0.4423050316545836,0.33337600979876136,68,776.0,0013
0.2,M3_fail_x_crit,pooled,91.68039895289752,0.0,116.6170731349095,47.193958222820626,64.29119081198967,24.936674182011984,0.47656481028107184,0.35919843431959975,68,750.0,0013
0.2,M4_gain_x_crit,pooled,88.06458990632842,0.0,116.6170731349095,47.193958222820626,64.29119081198967,28.55248322858108,0.5456665413183963,0.41128208183596127,68,737.0,0013
0.2,M5_fail_x_recover_x_crit,pooled,88.98476176933166,0.0,116.6170731349095,47.193958222820626,64.29119081198967,27.63231136557785,0.5280811357379503,0.39802753593769014,68,739.0,0013
0.2,recover_only,pooled,95.25817660504583,0.0,116.6170731349095,47.193958222820626,64.29119081198967,21.35889652986367,0.4081898972682592,0.3076626071433216,68,709.0,0013
0.2,M5_gain_direct_x_crit,pooled,88.06458990632842,0.0,116.6170731349095,47.193958222820626,64.29119081198967,28.55248322858108,0.5456665413183963,0.41128208183596127,68,737.0,0013
0.2,M0_uncertainty,pooled,97.48581065464126,0.0,116.6170731349095,47.193958222820626,64.29119081198967,19.131262480268248,0.36561758026750657,0.27557482121760657,68,703.0,0013
0.2,M1_criticality,pooled,93.53941360826693,0.0,116.6170731349095,47.193958222820626,64.29119081198967,23.077659526642577,0.4410371789666713,0.33242039853535854,68,756.0,0013
0.2,M2_monolithic,pooled,96.11141152103211,0.0,116.6170731349095,47.193958222820626,64.29119081198967,20.505661613877393,0.39188372376275216,0.29537224942793044,68,748.0,0013
0.2,unc_x_crit_frame,pooled,100.85107479976098,0.0,116.6170731349095,47.193958222820626,64.29119081198967,15.765998335148524,0.30130401314308436,0.22710012875557586,68,795.0,0013
0.2,oracle,pooled,64.29119081198967,0.0,116.6170731349095,47.193958222820626,64.29119081198967,52.32588232291984,1.0,0.7537242082724259,68,676.0,0013
0.2,random,pooled,14.412066929743341,0.6746819559171753,16.322330574331563,7.899812652466667,9.119181993814804,1.9102636445882215,0.2651984230555991,0.22680434310851016,21,299.875,0014
0.2,unc_x_crit_obj,pooled,12.196929930997499,0.0,16.322330574331563,7.899812652466667,9.119181993814804,4.125400643334064,0.5727218586733782,0.4898060985568823,21,291.0,0014
0.2,M3_fail_x_crit,pooled,12.032396214076485,0.0,16.322330574331563,7.899812652466667,9.119181993814804,4.289934360255078,0.5955637749662128,0.5093410782918477,21,292.0,0014
0.2,M4_gain_x_crit,pooled,12.032396214076485,0.0,16.322330574331563,7.899812652466667,9.119181993814804,4.289934360255078,0.5955637749662128,0.5093410782918477,21,292.0,0014
0.2,M5_fail_x_recover_x_crit,pooled,12.032396214076485,0.0,16.322330574331563,7.899812652466667,9.119181993814804,4.289934360255078,0.5955637749662128,0.5093410782918477,21,292.0,0014
0.2,recover_only,pooled,13.648508656088769,0.0,16.322330574331563,7.899812652466667,9.119181993814804,2.673821918242794,0.3712018276944903,0.31746111353488965,21,283.0,0014
0.2,M5_gain_direct_x_crit,pooled,12.032396214076485,0.0,16.322330574331563,7.899812652466667,9.119181993814804,4.289934360255078,0.5955637749662128,0.5093410782918477,21,292.0,0014
0.2,M0_uncertainty,pooled,13.812076623095619,0.0,16.322330574331563,7.899812652466667,9.119181993814804,2.510253951235944,0.3484939847035415,0.29804079665052574,21,293.0,0014
0.2,M1_criticality,pooled,12.98312059238999,0.0,16.322330574331563,7.899812652466667,9.119181993814804,3.339209981941572,0.4635764408599794,0.39646219965563595,21,297.0,0014
0.2,M2_monolithic,pooled,14.26350205487361,0.0,16.322330574331563,7.899812652466667,9.119181993814804,2.0588285194579523,0.28582341408682294,0.24444335275478893,21,299.0,0014
0.2,unc_x_crit_frame,pooled,12.854227827540834,0.0,16.322330574331563,7.899812652466667,9.119181993814804,3.468102746790729,0.4814703886813237,0.4117655526487535,21,300.0,0014
0.2,oracle,pooled,9.119181993814804,0.0,16.322330574331563,7.899812652466667,9.119181993814804,7.203148580516759,1.0,0.855225082017024,21,284.0,0014
0.2,random,pooled,41.75315671396599,0.546902184794127,45.860736475900254,23.80336785611853,24.678831780974427,4.107579761934261,0.193919282571328,0.18622256501849715,75,1187.625,0015
0.2,unc_x_crit_obj,pooled,34.41233765743496,0.0,45.860736475900254,23.80336785611853,24.678831780974427,11.448398818465293,0.5404801401645332,0.5190283127515953,75,1107.0,0015
0.2,M3_fail_x_crit,pooled,33.534324507598235,0.0,45.860736475900254,23.80336785611853,24.678831780974427,12.326411968302018,0.5819312354499847,0.5588342009775054,75,1114.0,0015
0.2,M4_gain_x_crit,pooled,33.6950100890549,0.0,45.860736475900254,23.80336785611853,24.678831780974427,12.165726386845357,0.5743452518582847,0.5515493074697387,75,1119.0,0015
0.2,M5_fail_x_recover_x_crit,pooled,33.46753755098262,0.0,45.860736475900254,23.80336785611853,24.678831780974427,12.393198924917634,0.5850842548586508,0.5618620760503151,75,1104.0,0015
0.2,recover_only,pooled,36.48608104176893,0.0,45.860736475900254,23.80336785611853,24.678831780974427,9.374655434131327,0.44257849183775466,0.425012411758121,75,1092.0,0015
0.2,M5_gain_direct_x_crit,pooled,33.6950100890549,0.0,45.860736475900254,23.80336785611853,24.678831780974427,12.165726386845357,0.5743452518582847,0.5515493074697387,75,1119.0,0015
0.2,M0_uncertainty,pooled,37.56847100293313,0.0,45.860736475900254,23.80336785611853,24.678831780974427,8.292265472967124,0.39147874529685495,0.37594083029153197,75,1111.0,0015
0.2,M1_criticality,pooled,32.61001481600071,0.0,45.860736475900254,23.80336785611853,24.678831780974427,13.250721659899547,0.6255679954538643,0.6007390041990727,75,1115.0,0015
0.2,M2_monolithic,pooled,32.53769201424303,0.0,45.860736475900254,23.80336785611853,24.678831780974427,13.323044461657226,0.628982362707391,0.6040178541382635,75,1122.0,0015
0.2,unc_x_crit_frame,pooled,36.128856405210904,0.0,45.860736475900254,23.80336785611853,24.678831780974427,9.73188007068935,0.4594431053700588,0.4412076634545384,75,1097.0,0015
0.2,oracle,pooled,24.678831780974427,0.0,45.860736475900254,23.80336785611853,24.678831780974427,21.181904694925827,1.0,0.9603096842625755,75,1115.0,0015
0.2,random,pooled,117.45624598208428,1.5442297074903244,121.75389126483503,96.75258456539436,96.32920320312743,4.29764528275075,0.16903433671713286,0.17189682661054256,42,1793.5,0016
0.2,unc_x_crit_obj,pooled,107.83669622095738,0.0,121.75389126483503,96.75258456539436,96.32920320312743,13.917195043877655,0.5473890185043605,0.5566587063302978,42,1752.0,0016
0.2,M3_fail_x_crit,pooled,104.24049951227693,0.0,121.75389126483503,96.75258456539436,96.32920320312743,17.513391752558107,0.6888340855963231,0.7004990564333149,42,1740.0,0016
0.2,M4_gain_x_crit,pooled,104.30530152273722,0.0,121.75389126483503,96.75258456539436,96.32920320312743,17.44858974209781,0.6862853026848861,0.6979071114906232,42,1740.0,0016
0.2,M5_fail_x_recover_x_crit,pooled,103.94032598390888,0.0,121.75389126483503,96.75258456539436,96.32920320312743,17.813565280926156,0.7006404655857061,0.7125053700223067,42,1741.0,0016
0.2,recover_only,pooled,106.46143155599557,0.0,121.75389126483503,96.75258456539436,96.32920320312743,15.29245970883946,0.6014807210898135,0.6116664177869383,42,1721.0,0016
0.2,M5_gain_direct_x_crit,pooled,104.30530152273722,0.0,121.75389126483503,96.75258456539436,96.32920320312743,17.44858974209781,0.6862853026848861,0.6979071114906232,42,1740.0,0016
0.2,M0_uncertainty,pooled,112.12280569215358,0.0,121.75389126483503,96.75258456539436,96.32920320312743,9.631085572681457,0.3788084065891428,0.3852232880650563,42,1763.0,0016
0.2,M1_criticality,pooled,113.22541309863807,0.0,121.75389126483503,96.75258456539436,96.32920320312743,8.528478166196962,0.3354408182117206,0.34112129692756255,42,1811.0,0016
0.2,M2_monolithic,pooled,111.40043646153559,0.0,121.75389126483503,96.75258456539436,96.32920320312743,10.353454803299442,0.4072205243254447,0.414116547097559,42,1788.0,0016
0.2,unc_x_crit_frame,pooled,112.89813730881058,0.0,121.75389126483503,96.75258456539436,96.32920320312743,8.855753956024458,0.3483131802652165,0.35421164431467805,42,1754.0,0016
0.2,oracle,pooled,96.32920320312743,0.0,121.75389126483503,96.75258456539436,96.32920320312743,25.4246880617076,1.0,1.0169343693654378,42,1707.0,0016
0.2,random,pooled,50.335569063406645,1.3120433307734727,54.753762536270685,32.235437713982414,37.77841429298998,4.41819347286404,0.2602711537663375,0.19620435834956,29,302.125,0017
0.2,unc_x_crit_obj,pooled,47.134618206469376,0.0,54.753762536270685,32.235437713982414,37.77841429298998,7.619144329801308,0.4488358188950361,0.3383530697745333,29,284.0,0017
0.2,M3_fail_x_crit,pooled,46.08568024970577,0.0,54.753762536270685,32.235437713982414,37.77841429298998,8.668082286564918,0.5106276561952698,0.3849345968215802,29,280.0,0017
0.2,M4_gain_x_crit,pooled,46.711484976165956,0.0,54.753762536270685,32.235437713982414,37.77841429298998,8.04227756010473,0.4737621546755647,0.35714368735566926,29,284.0,0017
0.2,M5_fail_x_recover_x_crit,pooled,47.66487760192922,0.0,54.753762536270685,32.235437713982414,37.77841429298998,7.088884934341465,0.4175987928346291,0.3148051638070787,29,290.0,0017
0.2,recover_only,pooled,45.75747285530639,0.0,54.753762536270685,32.235437713982414,37.77841429298998,8.996289680964296,0.5299620103243105,0.39950972161392373,29,277.0,0017
0.2,M5_gain_direct_x_crit,pooled,46.711484976165956,0.0,54.753762536270685,32.235437713982414,37.77841429298998,8.04227756010473,0.4737621546755647,0.35714368735566926,29,284.0,0017
0.2,M0_uncertainty,pooled,46.792378065170055,0.0,54.753762536270685,32.235437713982414,37.77841429298998,7.961384471100629,0.4689968274584268,0.35355136467436427,29,282.0,0017
0.2,M1_criticality,pooled,49.28429833566701,0.0,54.753762536270685,32.235437713982414,37.77841429298998,5.469464200603674,0.32220041216348144,0.24288947973563682,29,300.0,0017
0.2,M2_monolithic,pooled,48.500011521098294,0.0,54.753762536270685,32.235437713982414,37.77841429298998,6.253751015172391,0.3684019276392631,0.2777183056255823,29,293.0,0017
0.2,unc_x_crit_frame,pooled,45.04893949402763,0.0,54.753762536270685,32.235437713982414,37.77841429298998,9.704823042243056,0.5717009691441519,0.43097446718760274,29,275.0,0017
0.2,oracle,pooled,37.77841429298998,0.0,54.753762536270685,32.235437713982414,37.77841429298998,16.975348243280706,1.0,0.7538459622217893,29,246.0,0017
0.2,random,pooled,32.504973866074664,0.5337748844032086,38.708689468073665,10.280597791770461,18.17767746351206,6.203715601999001,0.30216316665835335,0.2182248345276806,68,339.625,0018
0.2,unc_x_crit_obj,pooled,31.88139857472398,0.0,38.708689468073665,10.280597791770461,18.17767746351206,6.827290893349684,0.3325355268329096,0.2401600139428531,68,315.0,0018
0.2,M3_fail_x_crit,pooled,28.859530681416363,0.0,38.708689468073665,10.280597791770461,18.17767746351206,9.849158786657302,0.4797210573189965,0.3464586683765081,68,301.0,0018
0.2,M4_gain_x_crit,pooled,28.96559278618893,0.0,38.708689468073665,10.280597791770461,18.17767746351206,9.743096681884733,0.4745551110544381,0.34272777760901496,68,304.0,0018
0.2,M5_fail_x_recover_x_crit,pooled,28.891364695955353,0.0,38.708689468073665,10.280597791770461,18.17767746351206,9.817324772118312,0.47817052417762396,0.345338860022804,68,304.0,0018
0.2,recover_only,pooled,27.01934262601155,0.0,38.708689468073665,10.280597791770461,18.17767746351206,11.689346842062115,0.5693507382619504,0.41118999386814276,68,298.0,0018
0.2,M5_gain_direct_x_crit,pooled,28.96559278618893,0.0,38.708689468073665,10.280597791770461,18.17767746351206,9.743096681884733,0.4745551110544381,0.34272777760901496,68,304.0,0018
0.2,M0_uncertainty,pooled,32.04313974993024,0.0,38.708689468073665,10.280597791770461,18.17767746351206,6.665549718143424,0.324657630937163,0.2344705298561994,68,323.0,0018
0.2,M1_criticality,pooled,27.13723227574561,0.0,38.708689468073665,10.280597791770461,18.17767746351206,11.571457192328054,0.5636087100702633,0.4070430517843613,68,298.0,0018
0.2,M2_monolithic,pooled,30.357286163540117,0.0,38.708689468073665,10.280597791770461,18.17767746351206,8.351403304533548,0.40677017297919965,0.2937729130617313,68,316.0,0018
0.2,unc_x_crit_frame,pooled,36.63359874250925,0.0,38.708689468073665,10.280597791770461,18.17767746351206,2.075090725564415,0.10107103951346233,0.07299437293197376,68,356.0,0018
0.2,oracle,pooled,18.17767746351206,0.0,38.708689468073665,10.280597791770461,18.17767746351206,20.531012004561603,1.0,0.7222085899517354,68,240.0,0018
0.2,random,pooled,838.8973160379877,8.616363783805395,900.6632091581976,586.8485551717374,674.9810112015252,61.76589312020985,0.27368526928326,0.19682284538208597,212,4376.625,0019
0.2,unc_x_crit_obj,pooled,790.052225721935,0.0,900.6632091581976,586.8485551717374,674.9810112015252,110.61098343626259,0.4901183364826067,0.3524723336885186,212,4195.0,0019
0.2,M3_fail_x_crit,pooled,781.1872482118499,0.0,900.6632091581976,586.8485551717374,674.9810112015252,119.47596094634764,0.5293991374954851,0.3807214208406678,212,4147.0,0019
0.2,M4_gain_x_crit,pooled,773.3889180305725,0.0,900.6632091581976,586.8485551717374,674.9810112015252,127.27429112762502,0.5639536138869926,0.40557153565275,212,4137.0,0019
0.2,M5_fail_x_recover_x_crit,pooled,775.1402344219725,0.0,900.6632091581976,586.8485551717374,674.9810112015252,125.52297473622502,0.5561935140330545,0.3999908007534946,212,4158.0,0019
0.2,recover_only,pooled,778.4775037805257,0.0,900.6632091581976,586.8485551717374,674.9810112015252,122.18570537767187,0.5414060412559866,0.3893562771066252,212,4091.0,0019
0.2,M5_gain_direct_x_crit,pooled,773.3889180305725,0.0,900.6632091581976,586.8485551717374,674.9810112015252,127.27429112762502,0.5639536138869926,0.40557153565275,212,4137.0,0019
0.2,M0_uncertainty,pooled,783.3275046430379,0.0,900.6632091581976,586.8485551717374,674.9810112015252,117.3357045151597,0.5199156405667692,0.3739012918122755,212,4120.0,0019
0.2,M1_criticality,pooled,789.9683035725234,0.0,900.6632091581976,586.8485551717374,674.9810112015252,110.69490558567418,0.49049019633762153,0.3527397595347801,212,4220.0,0019
0.2,M2_monolithic,pooled,803.2224253400487,0.0,900.6632091581976,586.8485551717374,674.9810112015252,97.44078381814882,0.4317610547060341,0.31050425013725774,212,4292.0,0019
0.2,unc_x_crit_frame,pooled,832.0114169014089,0.0,900.6632091581976,586.8485551717374,674.9810112015252,68.65179225678867,0.3041967548985357,0.21876541259207966,212,4354.0,0019
0.2,oracle,pooled,674.9810112015252,0.0,900.6632091581976,586.8485551717374,674.9810112015252,225.68219795667233,1.0,0.7191576145019971,212,3949.0,0019
0.2,random,pooled,133.09646397055013,1.566359808134463,143.86519199144558,87.5559486220325,104.01401073915413,10.768728020895452,0.27022355881298366,0.19124263400678146,167,3012.5,0020
0.2,unc_x_crit_obj,pooled,122.07661376353335,0.0,143.86519199144558,87.5559486220325,104.01401073915413,21.78857822791224,0.54674861680943,0.3869449654112684,167,2940.0,0020
0.2,M3_fail_x_crit,pooled,124.29091173095543,0.0,143.86519199144558,87.5559486220325,104.01401073915413,19.574280260490156,0.49118444285424107,0.3476210847315845,167,2935.0,0020
0.2,M4_gain_x_crit,pooled,125.52751433075935,0.0,143.86519199144558,87.5559486220325,104.01401073915413,18.33767766068624,0.46015392980683145,0.32566016808968845,167,2943.0,0020
0.2,M5_fail_x_recover_x_crit,pooled,125.38531177915908,0.0,143.86519199144558,87.5559486220325,104.01401073915413,18.479880212286503,0.4637222694929251,0.3281855536763381,167,2945.0,0020
0.2,recover_only,pooled,126.78886509751956,0.0,143.86519199144558,87.5559486220325,104.01401073915413,17.076326893926023,0.4285024021199906,0.30325974692818913,167,2828.0,0020
0.2,M5_gain_direct_x_crit,pooled,125.52751433075935,0.0,143.86519199144558,87.5559486220325,104.01401073915413,18.33767766068624,0.46015392980683145,0.32566016808968845,167,2943.0,0020
0.2,M0_uncertainty,pooled,128.0448430639691,0.0,143.86519199144558,87.5559486220325,104.01401073915413,15.820348927476488,0.39698569604048595,0.2809547417230974,167,2871.0,0020
0.2,M1_criticality,pooled,121.28546762773126,0.0,143.86519199144558,87.5559486220325,104.01401073915413,22.57972436371432,0.5666011308614843,0.40099498790245724,167,2856.0,0020
0.2,M2_monolithic,pooled,121.23142018899745,0.0,143.86519199144558,87.5559486220325,104.01401073915413,22.633771802448138,0.5679573626477306,0.40195482034735874,167,2883.0,0020
0.2,unc_x_crit_frame,pooled,133.86585279575004,0.0,143.86519199144558,87.5559486220325,104.01401073915413,9.99933919569554,0.2509170087679791,0.17757900119693554,167,2953.0,0020
0.2,oracle,pooled,104.01401073915413,0.0,143.86519199144558,87.5559486220325,104.01401073915413,39.851181252291454,1.0,0.7077200627763794,167,2814.0,0020
